Matriz 1000x1000 (Muestreo)
100 100 100 100 100 100 100 100 100 100 100 100 100 100 100 100 100 100 100 100 100 100 100 100 100 100 100 100 100 100 100 100 100 100 100 100 100 100 100 100 100 100 100 100 100 100 100 100 100 100 
0 45.1696 61.1771 66.3519 68.0985 68.6746 68.852 68.9016 68.914 68.9167 68.9172 68.9173 68.9173 68.9173 68.9173 68.9173 68.9173 68.9173 68.9173 68.9173 68.9173 68.9173 68.9173 68.9173 68.9173 68.9173 68.9173 68.9173 68.9173 68.9173 68.9173 68.9173 68.9173 68.9173 68.9173 68.9173 68.9173 68.9173 68.9173 68.9173 68.9172 68.9166 68.9137 68.9004 68.8474 68.6589 68.0491 66.2049 60.7381 43.774 
0 20.9118 33.3965 39.0197 41.2345 42.0237 42.2772 42.35 42.3684 42.3726 42.3734 42.3735 42.3735 42.3735 42.3735 42.3735 42.3735 42.3735 42.3735 42.3735 42.3735 42.3735 42.3735 42.3735 42.3735 42.3735 42.3735 42.3735 42.3735 42.3735 42.3735 42.3735 42.3735 42.3735 42.3735 42.3735 42.3735 42.3735 42.3735 42.3735 42.3734 42.3725 42.368 42.3482 42.2705 42.0014 41.1685 38.8424 32.9682 20.0464 
0 9.7201 16.6183 20.3679 22.0538 22.7071 22.9284 22.9942 23.0113 23.0152 23.0159 23.0161 23.0161 23.0161 23.0161 23.0161 23.0161 23.0161 23.0161 23.0161 23.0161 23.0161 23.0161 23.0161 23.0161 23.0161 23.0161 23.0161 23.0161 23.0161 23.0161 23.0161 23.0161 23.0161 23.0161 23.0161 23.0161 23.0161 23.0161 23.0161 23.0159 23.0151 23.0109 22.9925 22.9224 22.688 22.0009 20.2397 16.3546 9.28714 
0 4.22633 7.45641 9.40144 10.3608 10.7598 10.9022 10.9461 10.9578 10.9605 10.9611 10.9612 10.9612 10.9612 10.9612 10.9612 10.9612 10.9612 10.9612 10.9612 10.9612 10.9612 10.9612 10.9612 10.9612 10.9612 10.9612 10.9612 10.9612 10.9612 10.9612 10.9612 10.9612 10.9612 10.9612 10.9612 10.9612 10.9612 10.9612 10.9612 10.9611 10.9605 10.9575 10.945 10.8983 10.7478 10.3293 9.33127 7.3262 4.03274 
0 1.65744 2.97271 3.81274 4.25351 4.44714 4.51935 4.54239 4.54871 4.5502 4.5505 4.55056 4.55057 4.55057 4.55057 4.55057 4.55057 4.55057 4.55057 4.55057 4.55057 4.55057 4.55057 4.55057 4.55057 4.55057 4.55057 4.55057 4.55057 4.55057 4.55057 4.55057 4.55057 4.55057 4.55057 4.55057 4.55057 4.55057 4.55057 4.55056 4.5505 4.55017 4.54856 4.54179 4.51731 4.44117 4.2386 3.7814 2.91815 1.5805 
0 0.575136 1.04142 1.35017 1.51907 1.59634 1.62621 1.63603 1.63879 1.63945 1.63959 1.63961 1.63962 1.63962 1.63962 1.63962 1.63962 1.63962 1.63962 1.63962 1.63962 1.63962 1.63962 1.63962 1.63962 1.63962 1.63962 1.63962 1.63962 1.63962 1.63962 1.63962 1.63962 1.63962 1.63962 1.63962 1.63962 1.63962 1.63962 1.63961 1.63959 1.63944 1.63872 1.63577 1.62535 1.59391 1.51323 1.33839 1.02175 0.548238 
0 0.174648 0.318137 0.415393 0.470154 0.49597 0.506233 0.509694 0.510689 0.510933 0.510984 0.510993 0.510995 0.510995 0.510995 0.510995 0.510995 0.510995 0.510995 0.510995 0.510995 0.510995 0.510995 0.510995 0.510995 0.510995 0.510995 0.510995 0.510995 0.510995 0.510995 0.510995 0.510995 0.510995 0.510995 0.510995 0.510995 0.510995 0.510995 0.510993 0.510983 0.510927 0.510665 0.509602 0.505934 0.495143 0.468228 0.41163 0.31202 0.166444 
0 0.0460925 0.0842948 0.110603 0.125722 0.133011 0.135974 0.136994 0.137293 0.137367 0.137383 0.137386 0.137386 0.137386 0.137386 0.137386 0.137386 0.137386 0.137386 0.137386 0.137386 0.137386 0.137386 0.137386 0.137386 0.137386 0.137386 0.137386 0.137386 0.137386 0.137386 0.137386 0.137386 0.137386 0.137386 0.137386 0.137386 0.137386 0.137386 0.137386 0.137383 0.137365 0.137285 0.136967 0.135886 0.132775 0.125184 0.109575 0.0826546 0.0439208 
0 0.010524 0.0192996 0.0254113 0.0289763 0.0307242 0.0314473 0.0317005 0.0317758 0.0317948 0.0317989 0.0317997 0.0317998 0.0317998 0.0317998 0.0317998 0.0317998 0.0317998 0.0317998 0.0317998 0.0317998 0.0317998 0.0317998 0.0317998 0.0317998 0.0317998 0.0317998 0.0317998 0.0317998 0.0317998 0.0317998 0.0317998 0.0317998 0.0317998 0.0317998 0.0317998 0.0317998 0.0317998 0.0317998 0.0317997 0.0317989 0.0317944 0.0317739 0.0316936 0.0314257 0.030667 0.0288483 0.0251706 0.018921 0.0100272 
0 0.00207222 0.00380772 0.00502633 0.0057451 0.0061021 0.00625184 0.006305 0.00632102 0.00632513 0.00632602 0.00632619 0.00632621 0.00632622 0.00632622 0.00632622 0.00632622 0.00632622 0.00632622 0.00632622 0.00632622 0.00632622 0.00632622 0.00632622 0.00632622 0.00632622 0.00632622 0.00632622 0.00632622 0.00632622 0.00632622 0.00632622 0.00632622 0.00632622 0.00632622 0.00632622 0.00632622 0.00632622 0.00632621 0.00632619 0.006326 0.00632503 0.00632062 0.00630355 0.00624734 0.00609033 0.00571912 0.00497809 0.00373257 0.00197425 
0 0.000351061 0.000646031 0.000854422 0.00097838 0.00104057 0.00106694 0.00107641 0.0010793 0.00108005 0.00108021 0.00108024 0.00108025 0.00108025 0.00108025 0.00108025 0.00108025 0.00108025 0.00108025 0.00108025 0.00108025 0.00108025 0.00108025 0.00108025 0.00108025 0.00108025 0.00108025 0.00108025 0.00108025 0.00108025 0.00108025 0.00108025 0.00108025 0.00108025 0.00108025 0.00108025 0.00108025 0.00108025 0.00108025 0.00108024 0.00108021 0.00108003 0.00107923 0.00107615 0.00106615 0.00103851 0.000973877 0.000846139 0.000633225 0.000334447 
0 5.10821e-05 9.41077e-05 0.000124648 0.000142933 0.000152181 0.000156137 0.00015757 0.000158011 0.000158126 0.000158152 0.000158157 0.000158158 0.000158158 0.000158158 0.000158158 0.000158158 0.000158158 0.000158158 0.000158158 0.000158158 0.000158158 0.000158158 0.000158158 0.000158158 0.000158158 0.000158158 0.000158158 0.000158158 0.000158158 0.000158158 0.000158158 0.000158158 0.000158158 0.000158158 0.000158158 0.000158158 0.000158158 0.000158158 0.000158157 0.000158151 0.000158124 0.000158 0.000157531 0.000156016 0.000151872 0.000142266 0.00012343 9.2236e-05 4.86626e-05 
0 6.37537e-06 1.17554e-05 1.55882e-05 1.7895e-05 1.90689e-05 1.95747e-05 1.97594e-05 1.98167e-05 1.98317e-05 1.98351e-05 1.98357e-05 1.98358e-05 1.98359e-05 1.98359e-05 1.98359e-05 1.98359e-05 1.98359e-05 1.98359e-05 1.98359e-05 1.98359e-05 1.98359e-05 1.98359e-05 1.98359e-05 1.98359e-05 1.98359e-05 1.98359e-05 1.98359e-05 1.98359e-05 1.98359e-05 1.98359e-05 1.98359e-05 1.98359e-05 1.98359e-05 1.98359e-05 1.98359e-05 1.98359e-05 1.98359e-05 1.98358e-05 1.98357e-05 1.9835e-05 1.98314e-05 1.98152e-05 1.97543e-05 1.95593e-05 1.90297e-05 1.78106e-05 1.54351e-05 1.1521e-05 6.07322e-06 
0 6.81755e-07 1.25794e-06 1.6696e-06 1.91837e-06 2.04562e-06 2.10077e-06 2.12103e-06 2.12735e-06 2.12903e-06 2.1294e-06 2.12948e-06 2.12949e-06 2.12949e-06 2.12949e-06 2.12949e-06 2.12949e-06 2.12949e-06 2.12949e-06 2.12949e-06 2.12949e-06 2.12949e-06 2.12949e-06 2.12949e-06 2.12949e-06 2.12949e-06 2.12949e-06 2.12949e-06 2.12949e-06 2.12949e-06 2.12949e-06 2.12949e-06 2.12949e-06 2.12949e-06 2.12949e-06 2.12949e-06 2.12949e-06 2.12949e-06 2.12949e-06 2.12948e-06 2.1294e-06 2.12899e-06 2.12719e-06 2.12047e-06 2.09908e-06 2.04135e-06 1.90924e-06 1.65311e-06 1.2328e-06 6.49428e-07 
0 6.24105e-08 1.15219e-07 1.53036e-07 1.75965e-07 1.87743e-07 1.9287e-07 1.94765e-07 1.95359e-07 1.95517e-07 1.95553e-07 1.9556e-07 1.95561e-07 1.95561e-07 1.95561e-07 1.95561e-07 1.95561e-07 1.95561e-07 1.95561e-07 1.95561e-07 1.95561e-07 1.95561e-07 1.95561e-07 1.95561e-07 1.95561e-07 1.95561e-07 1.95561e-07 1.95561e-07 1.95561e-07 1.95561e-07 1.95561e-07 1.95561e-07 1.95561e-07 1.95561e-07 1.95561e-07 1.95561e-07 1.95561e-07 1.95561e-07 1.95561e-07 1.95559e-07 1.95552e-07 1.95513e-07 1.95343e-07 1.94712e-07 1.92713e-07 1.87346e-07 1.75122e-07 1.5152e-07 1.12913e-07 5.945e-08 
0 4.88743e-09 9.02688e-09 1.19967e-08 1.38023e-08 1.47327e-08 1.51395e-08 1.52904e-08 1.53379e-08 1.53506e-08 1.53535e-08 1.53541e-08 1.53542e-08 1.53542e-08 1.53542e-08 1.53542e-08 1.53542e-08 1.53542e-08 1.53542e-08 1.53542e-08 1.53542e-08 1.53542e-08 1.53542e-08 1.53542e-08 1.53542e-08 1.53542e-08 1.53542e-08 1.53542e-08 1.53542e-08 1.53542e-08 1.53542e-08 1.53542e-08 1.53542e-08 1.53542e-08 1.53542e-08 1.53542e-08 1.53542e-08 1.53542e-08 1.53542e-08 1.53541e-08 1.53535e-08 1.53503e-08 1.53367e-08 1.52861e-08 1.5127e-08 1.47014e-08 1.37358e-08 1.18775e-08 8.84598e-09 4.65552e-09 
0 3.27213e-10 6.04564e-10 8.03853e-10 9.25273e-10 9.88022e-10 1.01554e-09 1.02578e-09 1.02902e-09 1.02989e-09 1.03009e-09 1.03013e-09 1.03014e-09 1.03014e-09 1.03014e-09 1.03014e-09 1.03014e-09 1.03014e-09 1.03014e-09 1.03014e-09 1.03014e-09 1.03014e-09 1.03014e-09 1.03014e-09 1.03014e-09 1.03014e-09 1.03014e-09 1.03014e-09 1.03014e-09 1.03014e-09 1.03014e-09 1.03014e-09 1.03014e-09 1.03014e-09 1.03014e-09 1.03014e-09 1.03014e-09 1.03014e-09 1.03014e-09 1.03013e-09 1.03009e-09 1.02987e-09 1.02894e-09 1.0255e-09 1.01469e-09 9.85904e-10 9.20795e-10 7.95841e-10 5.92436e-10 3.11683e-10 
0 1.87189e-11 3.45953e-11 4.60173e-11 5.29889e-11 5.66e-11 5.81878e-11 5.87806e-11 5.89687e-11 5.90194e-11 5.90311e-11 5.90333e-11 5.90337e-11 5.90338e-11 5.90338e-11 5.90338e-11 5.90338e-11 5.90338e-11 5.90338e-11 5.90338e-11 5.90338e-11 5.90338e-11 5.90338e-11 5.90338e-11 5.90338e-11 5.90338e-11 5.90338e-11 5.90338e-11 5.90338e-11 5.90338e-11 5.90338e-11 5.90338e-11 5.90338e-11 5.90338e-11 5.90338e-11 5.90338e-11 5.90338e-11 5.90338e-11 5.90337e-11 5.90333e-11 5.90308e-11 5.90183e-11 5.89639e-11 5.87639e-11 5.81387e-11 5.64779e-11 5.27315e-11 4.55578e-11 3.39007e-11 1.78302e-11 
0 9.14591e-13 1.69071e-12 2.24963e-12 2.59128e-12 2.76858e-12 2.84671e-12 2.87596e-12 2.88526e-12 2.88777e-12 2.88835e-12 2.88846e-12 2.88848e-12 2.88849e-12 2.88849e-12 2.88849e-12 2.88849e-12 2.88849e-12 2.88849e-12 2.88849e-12 2.88849e-12 2.88849e-12 2.88849e-12 2.88849e-12 2.88849e-12 2.88849e-12 2.88849e-12 2.88849e-12 2.88849e-12 2.88849e-12 2.88849e-12 2.88849e-12 2.88849e-12 2.88849e-12 2.88849e-12 2.88849e-12 2.88849e-12 2.88849e-12 2.88848e-12 2.88846e-12 2.88834e-12 2.88771e-12 2.88502e-12 2.87513e-12 2.84429e-12 2.76258e-12 2.57866e-12 2.22713e-12 1.65673e-12 8.71166e-13 
0 3.81501e-14 7.05376e-14 9.38813e-14 1.08168e-13 1.15593e-13 1.18871e-13 1.201e-13 1.20492e-13 1.20599e-13 1.20623e-13 1.20628e-13 1.20629e-13 1.20629e-13 1.20629e-13 1.20629e-13 1.20629e-13 1.20629e-13 1.20629e-13 1.20629e-13 1.20629e-13 1.20629e-13 1.20629e-13 1.20629e-13 1.20629e-13 1.20629e-13 1.20629e-13 1.20629e-13 1.20629e-13 1.20629e-13 1.20629e-13 1.20629e-13 1.20629e-13 1.20629e-13 1.20629e-13 1.20629e-13 1.20629e-13 1.20629e-13 1.20629e-13 1.20628e-13 1.20623e-13 1.20596e-13 1.20482e-13 1.20066e-13 1.18769e-13 1.15341e-13 1.07639e-13 9.29409e-14 6.91195e-14 3.63385e-14 
0 1.35808e-15 2.51142e-15 3.34327e-15 3.85286e-15 4.11805e-15 4.2353e-15 4.27936e-15 4.29342e-15 4.29724e-15 4.29813e-15 4.2983e-15 4.29833e-15 4.29833e-15 4.29833e-15 4.29833e-15 4.29833e-15 4.29833e-15 4.29833e-15 4.29833e-15 4.29833e-15 4.29833e-15 4.29833e-15 4.29833e-15 4.29833e-15 4.29833e-15 4.29833e-15 4.29833e-15 4.29833e-15 4.29833e-15 4.29833e-15 4.29833e-15 4.29833e-15 4.29833e-15 4.29833e-15 4.29833e-15 4.29833e-15 4.29833e-15 4.29833e-15 4.2983e-15 4.29811e-15 4.29715e-15 4.29306e-15 4.27811e-15 4.23167e-15 4.10906e-15 3.834e-15 3.30974e-15 2.4609e-15 1.29358e-15 
0 4.12447e-17 7.62814e-17 1.01566e-16 1.17067e-16 1.25143e-16 1.28717e-16 1.30062e-16 1.30492e-16 1.30609e-16 1.30637e-16 1.30642e-16 1.30643e-16 1.30643e-16 1.30643e-16 1.30643e-16 1.30643e-16 1.30643e-16 1.30643e-16 1.30643e-16 1.30643e-16 1.30643e-16 1.30643e-16 1.30643e-16 1.30643e-16 1.30643e-16 1.30643e-16 1.30643e-16 1.30643e-16 1.30643e-16 1.30643e-16 1.30643e-16 1.30643e-16 1.30643e-16 1.30643e-16 1.30643e-16 1.30643e-16 1.30643e-16 1.30643e-16 1.30642e-16 1.30636e-16 1.30607e-16 1.30481e-16 1.30024e-16 1.28606e-16 1.24869e-16 1.16493e-16 1.00546e-16 7.47465e-17 3.92858e-17 
0 1.06829e-18 1.976e-18 2.63133e-18 3.03337e-18 3.24299e-18 3.33587e-18 3.37085e-18 3.38205e-18 3.3851e-18 3.38581e-18 3.38595e-18 3.38597e-18 3.38598e-18 3.38598e-18 3.38598e-18 3.38598e-18 3.38598e-18 3.38598e-18 3.38598e-18 3.38598e-18 3.38598e-18 3.38598e-18 3.38598e-18 3.38598e-18 3.38598e-18 3.38598e-18 3.38598e-18 3.38598e-18 3.38598e-18 3.38598e-18 3.38598e-18 3.38598e-18 3.38598e-18 3.38598e-18 3.38598e-18 3.38598e-18 3.38598e-18 3.38597e-18 3.38595e-18 3.3858e-18 3.38503e-18 3.38177e-18 3.36986e-18 3.33298e-18 3.23587e-18 3.01848e-18 2.6049e-18 1.93622e-18 1.01755e-18 
0 2.3592e-20 4.36412e-20 5.81212e-20 6.70091e-20 7.1646e-20 7.37023e-20 7.44775e-20 7.4726e-20 7.47937e-20 7.48094e-20 7.48125e-20 7.4813e-20 7.48131e-20 7.48131e-20 7.48131e-20 7.48131e-20 7.48131e-20 7.48131e-20 7.48131e-20 7.48131e-20 7.48131e-20 7.48131e-20 7.48131e-20 7.48131e-20 7.48131e-20 7.48131e-20 7.48131e-20 7.48131e-20 7.48131e-20 7.48131e-20 7.48131e-20 7.48131e-20 7.48131e-20 7.48131e-20 7.48131e-20 7.48131e-20 7.48131e-20 7.4813e-20 7.48124e-20 7.4809e-20 7.47921e-20 7.47196e-20 7.44555e-20 7.36385e-20 7.14886e-20 6.66798e-20 5.75371e-20 4.27626e-20 2.24713e-20 
0 4.44091e-22 8.21544e-22 1.09422e-21 1.26167e-21 1.34906e-21 1.38785e-21 1.40248e-21 1.40717e-21 1.40845e-21 1.40874e-21 1.4088e-21 1.40881e-21 1.40881e-21 1.40881e-21 1.40881e-21 1.40881e-21 1.40881e-21 1.40881e-21 1.40881e-21 1.40881e-21 1.40881e-21 1.40881e-21 1.40881e-21 1.40881e-21 1.40881e-21 1.40881e-21 1.40881e-21 1.40881e-21 1.40881e-21 1.40881e-21 1.40881e-21 1.40881e-21 1.40881e-21 1.40881e-21 1.40881e-21 1.40881e-21 1.40881e-21 1.40881e-21 1.4088e-21 1.40874e-21 1.40842e-21 1.40705e-21 1.40206e-21 1.38664e-21 1.3461e-21 1.25546e-21 1.08322e-21 8.05001e-22 4.22995e-22 
0 7.12355e-24 1.31788e-23 1.75542e-23 2.02417e-23 2.1645e-23 2.2268e-23 2.25031e-23 2.25785e-23 2.25991e-23 2.26039e-23 2.26048e-23 2.2605e-23 2.2605e-23 2.2605e-23 2.2605e-23 2.2605e-23 2.2605e-23 2.2605e-23 2.2605e-23 2.2605e-23 2.2605e-23 2.2605e-23 2.2605e-23 2.2605e-23 2.2605e-23 2.2605e-23 2.2605e-23 2.2605e-23 2.2605e-23 2.2605e-23 2.2605e-23 2.2605e-23 2.2605e-23 2.2605e-23 2.2605e-23 2.2605e-23 2.2605e-23 2.2605e-23 2.26048e-23 2.26038e-23 2.25986e-23 2.25766e-23 2.24964e-23 2.22486e-23 2.15973e-23 2.01421e-23 1.73776e-23 1.29134e-23 6.78514e-24 
0 9.73485e-26 1.80104e-25 2.3991e-25 2.76652e-25 2.95842e-25 3.04364e-25 3.07581e-25 3.08614e-25 3.08896e-25 3.08961e-25 3.08974e-25 3.08976e-25 3.08977e-25 3.08977e-25 3.08977e-25 3.08977e-25 3.08977e-25 3.08977e-25 3.08977e-25 3.08977e-25 3.08977e-25 3.08977e-25 3.08977e-25 3.08977e-25 3.08977e-25 3.08977e-25 3.08977e-25 3.08977e-25 3.08977e-25 3.08977e-25 3.08977e-25 3.08977e-25 3.08977e-25 3.08977e-25 3.08977e-25 3.08977e-25 3.08977e-25 3.08976e-25 3.08974e-25 3.0896e-25 3.08889e-25 3.08587e-25 3.0749e-25 3.04099e-25 2.9519e-25 2.7529e-25 2.37496e-25 1.76477e-25 9.27238e-26 
0 1.13309e-27 2.09636e-27 2.79256e-27 3.22034e-27 3.4438e-27 3.54304e-27 3.58052e-27 3.59255e-27 3.59584e-27 3.5966e-27 3.59675e-27 3.59678e-27 3.59678e-27 3.59678e-27 3.59678e-27 3.59678e-27 3.59678e-27 3.59678e-27 3.59678e-27 3.59678e-27 3.59678e-27 3.59678e-27 3.59678e-27 3.59678e-27 3.59678e-27 3.59678e-27 3.59678e-27 3.59678e-27 3.59678e-27 3.59678e-27 3.59678e-27 3.59678e-27 3.59678e-27 3.59678e-27 3.59678e-27 3.59678e-27 3.59678e-27 3.59678e-27 3.59675e-27 3.59658e-27 3.59576e-27 3.59224e-27 3.57946e-27 3.53996e-27 3.4362e-27 3.20448e-27 2.76447e-27 2.05414e-27 1.07926e-27 
0 1.12304e-29 2.07779e-29 2.76786e-29 3.19189e-29 3.41341e-29 3.5118e-29 3.54895e-29 3.56088e-29 3.56414e-29 3.5649e-29 3.56505e-29 3.56507e-29 3.56507e-29 3.56508e-29 3.56508e-29 3.56508e-29 3.56508e-29 3.56508e-29 3.56508e-29 3.56508e-29 3.56508e-29 3.56508e-29 3.56508e-29 3.56508e-29 3.56508e-29 3.56508e-29 3.56508e-29 3.56508e-29 3.56508e-29 3.56508e-29 3.56508e-29 3.56508e-29 3.56508e-29 3.56508e-29 3.56508e-29 3.56508e-29 3.56507e-29 3.56507e-29 3.56504e-29 3.56488e-29 3.56406e-29 3.56058e-29 3.5479e-29 3.50874e-29 3.40588e-29 3.17617e-29 2.74001e-29 2.03594e-29 1.06968e-29 
0 9.47587e-32 1.75318e-31 2.33544e-31 2.69322e-31 2.88013e-31 2.96314e-31 2.99449e-31 3.00455e-31 3.0073e-31 3.00794e-31 3.00806e-31 3.00808e-31 3.00809e-31 3.00809e-31 3.00809e-31 3.00809e-31 3.00809e-31 3.00809e-31 3.00809e-31 3.00809e-31 3.00809e-31 3.00809e-31 3.00809e-31 3.00809e-31 3.00809e-31 3.00809e-31 3.00809e-31 3.00809e-31 3.00809e-31 3.00809e-31 3.00809e-31 3.00809e-31 3.00809e-31 3.00809e-31 3.00809e-31 3.00809e-31 3.00809e-31 3.00808e-31 3.00806e-31 3.00792e-31 3.00724e-31 3.00429e-31 2.9936e-31 2.96056e-31 2.87378e-31 2.67996e-31 2.31194e-31 1.71787e-31 9.02569e-32 
0 6.80515e-34 1.25905e-33 1.67717e-33 1.93408e-33 2.06828e-33 2.12788e-33 2.15038e-33 2.1576e-33 2.15957e-33 2.16003e-33 2.16012e-33 2.16013e-33 2.16013e-33 2.16013e-33 2.16013e-33 2.16013e-33 2.16013e-33 2.16013e-33 2.16013e-33 2.16013e-33 2.16013e-33 2.16013e-33 2.16013e-33 2.16013e-33 2.16013e-33 2.16013e-33 2.16013e-33 2.16013e-33 2.16013e-33 2.16013e-33 2.16013e-33 2.16013e-33 2.16013e-33 2.16013e-33 2.16013e-33 2.16013e-33 2.16013e-33 2.16013e-33 2.16012e-33 2.16002e-33 2.15952e-33 2.15741e-33 2.14974e-33 2.12603e-33 2.06372e-33 1.92456e-33 1.6603e-33 1.23369e-33 6.48186e-34 
0 4.15862e-36 7.69389e-36 1.02488e-35 1.18184e-35 1.26381e-35 1.30021e-35 1.31395e-35 1.31835e-35 1.31956e-35 1.31984e-35 1.31989e-35 1.3199e-35 1.3199e-35 1.3199e-35 1.3199e-35 1.3199e-35 1.3199e-35 1.3199e-35 1.3199e-35 1.3199e-35 1.3199e-35 1.3199e-35 1.3199e-35 1.3199e-35 1.3199e-35 1.3199e-35 1.3199e-35 1.3199e-35 1.3199e-35 1.3199e-35 1.3199e-35 1.3199e-35 1.3199e-35 1.3199e-35 1.3199e-35 1.3199e-35 1.3199e-35 1.3199e-35 1.31989e-35 1.31983e-35 1.31953e-35 1.31824e-35 1.31356e-35 1.29908e-35 1.26103e-35 1.17602e-35 1.01457e-35 7.53893e-36 3.96106e-36 
0 2.16199e-38 3.99981e-38 5.32783e-38 6.14357e-38 6.56951e-38 6.75856e-38 6.82989e-38 6.85277e-38 6.859e-38 6.86045e-38 6.86073e-38 6.86078e-38 6.86079e-38 6.86079e-38 6.86079e-38 6.86079e-38 6.86079e-38 6.86079e-38 6.86079e-38 6.86079e-38 6.86079e-38 6.86079e-38 6.86079e-38 6.86079e-38 6.86079e-38 6.86079e-38 6.86079e-38 6.86079e-38 6.86079e-38 6.86079e-38 6.86079e-38 6.86079e-38 6.86079e-38 6.86079e-38 6.86079e-38 6.86079e-38 6.86079e-38 6.86078e-38 6.86073e-38 6.86042e-38 6.85886e-38 6.85217e-38 6.82787e-38 6.75269e-38 6.55504e-38 6.11333e-38 5.27424e-38 3.91926e-38 2.05928e-38 
0 9.55985e-41 1.76857e-40 2.35567e-40 2.71622e-40 2.90443e-40 2.98793e-40 3.01942e-40 3.02952e-40 3.03227e-40 3.0329e-40 3.03303e-40 3.03305e-40 3.03305e-40 3.03305e-40 3.03305e-40 3.03305e-40 3.03305e-40 3.03305e-40 3.03305e-40 3.03305e-40 3.03305e-40 3.03305e-40 3.03305e-40 3.03305e-40 3.03305e-40 3.03305e-40 3.03305e-40 3.03305e-40 3.03305e-40 3.03305e-40 3.03305e-40 3.03305e-40 3.03305e-40 3.03305e-40 3.03305e-40 3.03305e-40 3.03305e-40 3.03305e-40 3.03303e-40 3.03289e-40 3.0322e-40 3.02926e-40 3.01853e-40 2.98534e-40 2.89803e-40 2.70286e-40 2.33198e-40 1.73296e-40 9.10572e-41 
0 3.59452e-43 6.64962e-43 8.85655e-43 1.02115e-42 1.09186e-42 1.12322e-42 1.13504e-42 1.13882e-42 1.13985e-42 1.14009e-42 1.14014e-42 1.14015e-42 1.14015e-42 1.14015e-42 1.14015e-42 1.14015e-42 1.14015e-42 1.14015e-42 1.14015e-42 1.14015e-42 1.14015e-42 1.14015e-42 1.14015e-42 1.14015e-42 1.14015e-42 1.14015e-42 1.14015e-42 1.14015e-42 1.14015e-42 1.14015e-42 1.14015e-42 1.14015e-42 1.14015e-42 1.14015e-42 1.14015e-42 1.14015e-42 1.14015e-42 1.14015e-42 1.14014e-42 1.14009e-42 1.13983e-42 1.13872e-42 1.1347e-42 1.12224e-42 1.08946e-42 1.01613e-42 8.76752e-43 6.51573e-43 3.42377e-43 
0 1.14901e-45 2.12549e-45 2.83074e-45 3.26362e-45 3.48941e-45 3.5895e-45 3.6272e-45 3.63927e-45 3.64255e-45 3.64331e-45 3.64346e-45 3.64348e-45 3.64349e-45 3.64349e-45 3.64349e-45 3.64349e-45 3.64349e-45 3.64349e-45 3.64349e-45 3.64349e-45 3.64349e-45 3.64349e-45 3.64349e-45 3.64349e-45 3.64349e-45 3.64349e-45 3.64349e-45 3.64349e-45 3.64349e-45 3.64349e-45 3.64349e-45 3.64349e-45 3.64349e-45 3.64349e-45 3.64349e-45 3.64349e-45 3.64349e-45 3.64348e-45 3.64345e-45 3.64329e-45 3.64247e-45 3.63896e-45 3.62613e-45 3.58639e-45 3.48175e-45 3.24758e-45 2.8023e-45 2.0827e-45 1.09443e-45 
0 3.12173e-48 5.77444e-48 7.68991e-48 8.8652e-48 9.47797e-48 9.74944e-48 9.85163e-48 9.88431e-48 9.8932e-48 9.89525e-48 9.89565e-48 9.89572e-48 9.89573e-48 9.89573e-48 9.89573e-48 9.89573e-48 9.89573e-48 9.89573e-48 9.89573e-48 9.89573e-48 9.89573e-48 9.89573e-48 9.89573e-48 9.89573e-48 9.89573e-48 9.89573e-48 9.89573e-48 9.89573e-48 9.89573e-48 9.89573e-48 9.89573e-48 9.89573e-48 9.89573e-48 9.89573e-48 9.89573e-48 9.89573e-48 9.89573e-48 9.89571e-48 9.89564e-48 9.8952e-48 9.89299e-48 9.88347e-48 9.84874e-48 9.74102e-48 9.45717e-48 8.82167e-48 7.61266e-48 5.65821e-48 2.97345e-48 
0 7.20703e-51 1.33305e-50 1.7751e-50 2.04624e-50 2.18753e-50 2.25009e-50 2.27362e-50 2.28114e-50 2.28318e-50 2.28365e-50 2.28375e-50 2.28376e-50 2.28376e-50 2.28376e-50 2.28376e-50 2.28376e-50 2.28376e-50 2.28376e-50 2.28376e-50 2.28376e-50 2.28376e-50 2.28376e-50 2.28376e-50 2.28376e-50 2.28376e-50 2.28376e-50 2.28376e-50 2.28376e-50 2.28376e-50 2.28376e-50 2.28376e-50 2.28376e-50 2.28376e-50 2.28376e-50 2.28376e-50 2.28376e-50 2.28376e-50 2.28376e-50 2.28374e-50 2.28364e-50 2.28314e-50 2.28095e-50 2.27296e-50 2.24815e-50 2.18274e-50 2.0362e-50 1.75728e-50 1.30622e-50 6.86471e-51 
0 1.41352e-53 2.61435e-53 3.48101e-53 4.01236e-53 4.28911e-53 4.41156e-53 4.45758e-53 4.47227e-53 4.47626e-53 4.47717e-53 4.47735e-53 4.47738e-53 4.47739e-53 4.47739e-53 4.47739e-53 4.47739e-53 4.47739e-53 4.47739e-53 4.47739e-53 4.47739e-53 4.47739e-53 4.47739e-53 4.47739e-53 4.47739e-53 4.47739e-53 4.47739e-53 4.47739e-53 4.47739e-53 4.47739e-53 4.47739e-53 4.47739e-53 4.47739e-53 4.47739e-53 4.47739e-53 4.47739e-53 4.47739e-53 4.47739e-53 4.47738e-53 4.47735e-53 4.47716e-53 4.47616e-53 4.4719e-53 4.45628e-53 4.40776e-53 4.27973e-53 3.99269e-53 3.44607e-53 2.56175e-53 1.34638e-53 
0 2.35464e-56 4.35471e-56 5.79777e-56 6.68213e-56 7.14248e-56 7.34601e-56 7.42244e-56 7.44681e-56 7.45341e-56 7.45493e-56 7.45523e-56 7.45527e-56 7.45528e-56 7.45528e-56 7.45528e-56 7.45528e-56 7.45528e-56 7.45528e-56 7.45528e-56 7.45528e-56 7.45528e-56 7.45528e-56 7.45528e-56 7.45528e-56 7.45528e-56 7.45528e-56 7.45528e-56 7.45528e-56 7.45528e-56 7.45528e-56 7.45528e-56 7.45528e-56 7.45528e-56 7.45528e-56 7.45528e-56 7.45528e-56 7.45528e-56 7.45527e-56 7.45522e-56 7.4549e-56 7.45326e-56 7.44618e-56 7.42028e-56 7.3397e-56 7.12687e-56 6.64941e-56 5.7396e-56 4.2671e-56 2.24281e-56 
0 3.33059e-59 6.15921e-59 8.19944e-59 9.4492e-59 1.00993e-58 1.03866e-58 1.04943e-58 1.05286e-58 1.05379e-58 1.05401e-58 1.05405e-58 1.05405e-58 1.05406e-58 1.05406e-58 1.05406e-58 1.05406e-58 1.05406e-58 1.05406e-58 1.05406e-58 1.05406e-58 1.05406e-58 1.05406e-58 1.05406e-58 1.05406e-58 1.05406e-58 1.05406e-58 1.05406e-58 1.05406e-58 1.05406e-58 1.05406e-58 1.05406e-58 1.05406e-58 1.05406e-58 1.05406e-58 1.05406e-58 1.05406e-58 1.05406e-58 1.05405e-58 1.05405e-58 1.054e-58 1.05377e-58 1.05278e-58 1.04913e-58 1.03777e-58 1.00773e-58 9.40297e-59 8.11723e-59 6.03533e-59 3.17242e-59 
0 3.99929e-62 7.39527e-62 9.84392e-62 1.13431e-61 1.21225e-61 1.24665e-61 1.25955e-61 1.26365e-61 1.26476e-61 1.26501e-61 1.26506e-61 1.26507e-61 1.26507e-61 1.26507e-61 1.26507e-61 1.26507e-61 1.26507e-61 1.26507e-61 1.26507e-61 1.26507e-61 1.26507e-61 1.26507e-61 1.26507e-61 1.26507e-61 1.26507e-61 1.26507e-61 1.26507e-61 1.26507e-61 1.26507e-61 1.26507e-61 1.26507e-61 1.26507e-61 1.26507e-61 1.26507e-61 1.26507e-61 1.26507e-61 1.26507e-61 1.26507e-61 1.26506e-61 1.26501e-61 1.26473e-61 1.26354e-61 1.25918e-61 1.24559e-61 1.20961e-61 1.12877e-61 9.74527e-62 7.24656e-62 3.80937e-62 
0 4.07567e-65 7.53592e-65 1.003e-64 1.15563e-64 1.23492e-64 1.26988e-64 1.28298e-64 1.28714e-64 1.28826e-64 1.28852e-64 1.28857e-64 1.28857e-64 1.28858e-64 1.28858e-64 1.28858e-64 1.28858e-64 1.28858e-64 1.28858e-64 1.28858e-64 1.28858e-64 1.28858e-64 1.28858e-64 1.28858e-64 1.28858e-64 1.28858e-64 1.28858e-64 1.28858e-64 1.28858e-64 1.28858e-64 1.28858e-64 1.28858e-64 1.28858e-64 1.28858e-64 1.28858e-64 1.28858e-64 1.28858e-64 1.28858e-64 1.28857e-64 1.28857e-64 1.28851e-64 1.28823e-64 1.28703e-64 1.28261e-64 1.2688e-64 1.23223e-64 1.14998e-64 9.92957e-65 7.38442e-65 3.88214e-65 
0 3.5242e-68 6.51568e-68 8.67114e-68 9.98941e-68 1.06738e-67 1.09753e-67 1.10881e-67 1.11238e-67 1.11335e-67 1.11357e-67 1.11361e-67 1.11362e-67 1.11362e-67 1.11362e-67 1.11362e-67 1.11362e-67 1.11362e-67 1.11362e-67 1.11362e-67 1.11362e-67 1.11362e-67 1.11362e-67 1.11362e-67 1.11362e-67 1.11362e-67 1.11362e-67 1.11362e-67 1.11362e-67 1.11362e-67 1.11362e-67 1.11362e-67 1.11362e-67 1.11362e-67 1.11362e-67 1.11362e-67 1.11362e-67 1.11362e-67 1.11362e-67 1.11361e-67 1.11356e-67 1.11333e-67 1.11229e-67 1.10849e-67 1.0966e-67 1.06506e-67 9.94069e-68 8.58434e-68 6.38473e-68 3.35686e-68 
0 2.58494e-71 4.77873e-71 6.35881e-71 7.32463e-71 7.82562e-71 8.04615e-71 8.12853e-71 8.15464e-71 8.16166e-71 8.16326e-71 8.16357e-71 8.16362e-71 8.16363e-71 8.16363e-71 8.16363e-71 8.16363e-71 8.16363e-71 8.16363e-71 8.16363e-71 8.16363e-71 8.16363e-71 8.16363e-71 8.16363e-71 8.16363e-71 8.16363e-71 8.16363e-71 8.16363e-71 8.16363e-71 8.16363e-71 8.16363e-71 8.16363e-71 8.16363e-71 8.16363e-71 8.16363e-71 8.16363e-71 8.16363e-71 8.16363e-71 8.16362e-71 8.16357e-71 8.16323e-71 8.1615e-71 8.15397e-71 8.12621e-71 8.03934e-71 7.80867e-71 7.28895e-71 6.2952e-71 4.68271e-71 2.46221e-71 
0 1.60789e-74 2.9722e-74 3.95445e-74 4.55449e-74 4.86549e-74 5.00225e-74 5.05328e-74 5.06942e-74 5.07376e-74 5.07475e-74 5.07494e-74 5.07497e-74 5.07497e-74 5.07497e-74 5.07497e-74 5.07497e-74 5.07497e-74 5.07497e-74 5.07497e-74 5.07497e-74 5.07497e-74 5.07497e-74 5.07497e-74 5.07497e-74 5.07497e-74 5.07497e-74 5.07497e-74 5.07497e-74 5.07497e-74 5.07497e-74 5.07497e-74 5.07497e-74 5.07497e-74 5.07497e-74 5.07497e-74 5.07497e-74 5.07497e-74 5.07497e-74 5.07493e-74 5.07473e-74 5.07366e-74 5.06901e-74 5.05184e-74 4.99803e-74 4.85498e-74 4.53233e-74 3.91492e-74 2.9125e-74 1.53156e-74 
0 8.47931e-78 1.56726e-77 2.08493e-77 2.40096e-77 2.56462e-77 2.63652e-77 2.66331e-77 2.67177e-77 2.67404e-77 2.67456e-77 2.67466e-77 2.67468e-77 2.67468e-77 2.67468e-77 2.67468e-77 2.67468e-77 2.67468e-77 2.67468e-77 2.67468e-77 2.67468e-77 2.67468e-77 2.67468e-77 2.67468e-77 2.67468e-77 2.67468e-77 2.67468e-77 2.67468e-77 2.67468e-77 2.67468e-77 2.67468e-77 2.67468e-77 2.67468e-77 2.67468e-77 2.67468e-77 2.67468e-77 2.67468e-77 2.67468e-77 2.67467e-77 2.67466e-77 2.67455e-77 2.67399e-77 2.67156e-77 2.66256e-77 2.6343e-77 2.5591e-77 2.3893e-77 2.0641e-77 1.53578e-77 8.07677e-78 
0 3.79003e-81 7.00452e-81 9.31686e-81 1.07276e-80 1.14575e-80 1.17778e-80 1.1897e-80 1.19346e-80 1.19447e-80 1.1947e-80 1.19474e-80 1.19475e-80 1.19475e-80 1.19475e-80 1.19475e-80 1.19475e-80 1.19475e-80 1.19475e-80 1.19475e-80 1.19475e-80 1.19475e-80 1.19475e-80 1.19475e-80 1.19475e-80 1.19475e-80 1.19475e-80 1.19475e-80 1.19475e-80 1.19475e-80 1.19475e-80 1.19475e-80 1.19475e-80 1.19475e-80 1.19475e-80 1.19475e-80 1.19475e-80 1.19475e-80 1.19475e-80 1.19474e-80 1.19469e-80 1.19445e-80 1.19337e-80 1.18937e-80 1.1768e-80 1.14329e-80 1.06755e-80 9.22386e-81 6.86391e-81 3.61012e-81 
0 1.43542e-84 2.6526e-84 3.52777e-84 4.06134e-84 4.33717e-84 4.45807e-84 4.50299e-84 4.51715e-84 4.52093e-84 4.52178e-84 4.52195e-84 4.52197e-84 4.52198e-84 4.52198e-84 4.52198e-84 4.52198e-84 4.52198e-84 4.52198e-84 4.52198e-84 4.52198e-84 4.52198e-84 4.52198e-84 4.52198e-84 4.52198e-84 4.52198e-84 4.52198e-84 4.52198e-84 4.52198e-84 4.52198e-84 4.52198e-84 4.52198e-84 4.52198e-84 4.52198e-84 4.52198e-84 4.52198e-84 4.52198e-84 4.52198e-84 4.52197e-84 4.52194e-84 4.52177e-84 4.52084e-84 4.51679e-84 4.50173e-84 4.45434e-84 4.32786e-84 4.04167e-84 3.49258e-84 2.59937e-84 1.36729e-84 
